-1 -1 0 -1
1 -1 0 1
-156 29 -2141 398
-172 105 -2141 1307
-190 41 -2141 462
-200 61 -2141 653
-208 133 -2141 1369
-220 41 -2141 399
-222 59 -2141 569
-228 41 -2141 385
-231 41 -2141 380
-246 155 -2141 1349
-248 109 -2141 941
-509 366 -4282 3079
-511 108 -4282 905
-258 191 -2141 1585
-260 81 -2141 667
-272 101 -2141 795
-276 173 -2141 1342
-277 48 -2141 371
-280 181 -2141 1384
-282 179 -2141 1359
-290 81 -2141 598
-589 163 -4282 1185
-296 133 -2141 962
-625 168 -4282 1151
-941 350 -6423 2389
-316 89 -2141 603
-318 101 -2141 680
-320 181 -2141 1211
-324 125 -2141 826
-325 211 -2141 1390
-327 95 -2141 622
-332 205 -2141 1322
-671 422 -4282 2693
-336 293 -2141 1867
-673 251 -4282 1597
-340 101 -2141 636
-343 62 -2141 387
-1034 373 -6423 2317
-348 197 -2141 1212
-365 216 -2141 1267
-737 279 -4282 1621
-370 281 -2141 1626
-371 48 -2141 277
-374 305 -2141 1746
-376 85 -2141 484
-759 466 -4282 2629
-380 41 -2141 231
-381 134 -2141 753
-383 161 -2141 900
-385 41 -2141 228
-1157 807 -6423 4480
-387 62 -2141 343
-393 230 -2141 1253
-395 326 -2141 1767
-795 448 -4282 2413
-1989 1285 -10705 6916
-398 29 -2141 156
-3583 1511 -19269 8126
-399 41 -2141 220
-799 348 -4282 1865
-1211 464 -6423 2461
-809 454 -4282 2403
-2028 1285 -10705 6783
-2841 1079 -14987 5692
-407 96 -2141 505
-819 346 -4282 1809
-821 603 -4282 3145
-413 125 -2141 648
-1247 723 -6423 3724
-837 535 -4282 2737
-440 261 -2141 1270
-883 239 -4282 1159
-444 281 -2141 1355
-1340 387 -6423 1855
-447 233 -2141 1116
-3577 1049 -17128 5023
-3133 1280 -14987 6123
-448 181 -2141 865
-897 190 -4282 907
-449 177 -2141 844
-1355 997 -6423 4726
-4974 1927 -23551 9124
-905 108 -4282 511
-907 190 -4282 897
-1364 615 -6423 2896
-455 146 -2141 687
-456 269 -2141 1263
-461 104 -2141 483
-462 41 -2141 190
-6932 2051 -32115 9502
-925 418 -4282 1935
-2317 1614 -10705 7457
-3245 768 -14987 3547
-1855 754 -8564 3481
-464 197 -2141 909
-466 143 -2141 657
-467 402 -2141 1843
-468 341 -2141 1560
-6094 1687 -27833 7705
-3282 2597 -14987 11859
-469 223 -2141 1018
-4225 2479 -19269 11306
-2348 549 -10705 2503
-941 525 -4282 2389
-472 125 -2141 567
-481 133 -2141 592
-483 104 -2141 461
-484 85 -2141 376
-485 111 -2141 490
-488 173 -2141 759
-1466 535 -6423 2344
-1955 854 -8564 3741
-6356 2773 -27833 12143
-6358 2325 -27833 10178
-490 111 -2141 485
-496 357 -2141 1541
-995 313 -4282 1347
-499 382 -2141 1639
-4001 1463 -17128 6263
-1501 609 -6423 2606
-2503 549 -10705 2348
-502 385 -2141 1642
-505 96 -2141 407
-1519 429 -6423 1814
-3547 768 -14987 3245
-1522 577 -6423 2435
-3047 1116 -12846 4705
-509 223 -2141 938
-511 216 -2141 905
-515 426 -2141 1771
-2073 785 -8564 3243
-522 197 -2141 808
-554 325 -2141 1256
-556 489 -2141 1883
-2225 1384 -8564 5327
-558 233 -2141 894
-1679 510 -6423 1951
-1121 505 -4282 1929
-1684 651 -6423 2483
-3933 1040 -14987 3963
-1125 418 -4282 1591
-1129 468 -4282 1775
-3391 2130 -12846 8069
-2261 1041 -8564 3943
-1697 1339 -6423 5068
-5093 2812 -19269 10639
-3963 1040 -14987 3933
-3964 1519 -14987 5743
-567 125 -2141 472
-2273 1313 -8564 4947
-569 59 -2141 222
-574 237 -2141 884
-575 311 -2141 1158
-1151 168 -4282 625
-1727 527 -6423 1960
-578 169 -2141 626
-579 311 -2141 1150
-1159 239 -4282 883
-581 454 -2141 1673
-586 433 -2141 1582
-1175 818 -4282 2981
-588 209 -2141 761
-590 361 -2141 1310
-592 133 -2141 481
-1185 163 -4282 589
-7705 1687 -27833 6094
-2964 1285 -10705 4641
-593 421 -2141 1520
-596 233 -2141 837
-3581 1335 -12846 4789
-6566 4625 -23551 16589
-2389 1457 -8564 5223
-598 81 -2141 290
-599 350 -2141 1251
-600 461 -2141 1645
-1802 1235 -6423 4402
-5410 2049 -19269 7298
-1804 571 -6423 2033
-1203 1060 -4282 3773
-2407 1898 -8564 6753
-603 89 -2141 316
-1814 429 -6423 1519
-607 184 -2141 649
-616 349 -2141 1213
-1855 387 -6423 1340
-619 534 -2141 1847
-621 449 -2141 1548
-622 95 -2141 327
-1247 461 -4282 1583
-626 169 -2141 578
-4388 1851 -14987 6322
-11287 4718 -38538 16109
-5017 1558 -17128 5319
-1882 1291 -6423 4406
-10671 3157 -36397 10768
-8161 5625 -27833 19184
-5023 1049 -17128 3577
-1257 460 -4282 1567
-632 405 -2141 1372
-3164 1985 -10705 6716
-6329 3858 -21410 13051
-15826 11191 -53525 37849
-10762 7419 -36397 25091
-3799 1130 -12846 3821
-10768 3157 -36397 10671
-9502 2051 -32115 6932
-634 191 -2141 645
-635 261 -2141 880
-636 101 -2141 340
-3821 1130 -12846 3799
-1275 943 -4282 3167
-638 371 -2141 1245
-645 191 -2141 634
-648 125 -2141 413
-649 184 -2141 607
-1949 1120 -6423 3691
-1951 510 -6423 1679
-651 419 -2141 1378
-652 289 -2141 949
-1958 1341 -6423 4399
-653 61 -2141 200
-1960 527 -6423 1727
-655 361 -2141 1180
-657 143 -2141 466
-662 457 -2141 1478
-663 458 -2141 1479
-5319 1558 -17128 5017
-5987 4179 -19269 13450
-12641 8013 -40679 25786
-1331 829 -4282 2667
-1333 504 -4282 1619
-667 81 -2141 260
-1341 787 -4282 2513
-2017 1426 -6423 4541
-1347 313 -4282 995
-1349 752 -4282 2387
-2024 1407 -6423 4465
-2033 571 -6423 1804
-680 101 -2141 318
-683 245 -2141 768
-687 146 -2141 455
-740 281 -2141 813
-742 419 -2141 1209
-746 323 -2141 927
-748 305 -2141 873
-751 637 -2141 1816
-1503 1066 -4282 3037
-753 134 -2141 381
-759 173 -2141 488
-761 209 -2141 588
-767 302 -2141 843
-768 245 -2141 683
-769 542 -2141 1509
-1543 667 -4282 1851
-6175 4292 -17128 11905
-772 697 -2141 1933
-2317 373 -6423 1034
-3863 1394 -10705 3863
-774 449 -2141 1242
-2344 535 -6423 1466
-782 679 -2141 1859
-2348 915 -6423 2503
-6263 1463 -17128 4001
-10178 2325 -27833 6358
-783 719 -2141 1966
-1567 460 -4282 1257
-4705 1116 -12846 3047
-3922 3179 -10705 8677
-5492 2095 -14987 5717
-1571 729 -4282 1987
-3143 1279 -8564 3485
-786 623 -2141 1697
-787 440 -2141 1197
-3949 2756 -10705 7471
-790 721 -2141 1954
-2371 1859 -6423 5036
-791 433 -2141 1172
-1583 461 -4282 1247
-792 701 -2141 1895
-1585 888 -4282 2399
-794 425 -2141 1146
-1589 1340 -4282 3611
-795 101 -2141 272
-1591 418 -4282 1125
-6369 3730 -17128 10031
-2389 350 -6423 941
-797 424 -2141 1139
-4789 1335 -12846 3581
-1597 251 -4282 673
-1615 1113 -4282 2951
-808 197 -2141 522
-2426 925 -6423 2449
-1619 504 -4282 1333
-1621 279 -4282 737
-3243 785 -8564 2073
-7298 2049 -19269 5410
-3245 1344 -8564 3547
-2435 577 -6423 1522
-813 281 -2141 740
-5692 1079 -14987 2841
-2440 1847 -6423 4862
-4067 2531 -10705 6662
-814 503 -2141 1323
-2449 925 -6423 2426
-5717 2095 -14987 5492
-817 535 -2141 1402
-2452 1067 -6423 2795
-818 507 -2141 1327
-819 692 -2141 1809
-2459 1080 -6423 2821
-2461 464 -6423 1211
-5743 1519 -14987 3964
-821 385 -2141 1004
-1643 1031 -4282 2687
-826 125 -2141 324
-1653 1360 -4282 3523
-7441 4315 -19269 11174
-827 737 -2141 1908
-2483 651 -6423 1684
-828 449 -2141 1161
-829 472 -2141 1219
-9124 1927 -23551 4974
-7466 2911 -19269 7513
-830 371 -2141 957
-831 602 -2141 1551
-2503 915 -6423 2348
-7513 2911 -19269 7466
-4176 2545 -10705 6524
-837 233 -2141 596
-2516 1031 -6423 2632
-2518 1859 -6423 4742
-840 461 -2141 1175
-843 302 -2141 767
-844 177 -2141 449
-865 181 -2141 448
-2606 609 -6423 1501
-3481 754 -8564 1855
-3485 1279 -8564 3143
-873 305 -2141 748
-874 725 -2141 1776
-6123 1280 -14987 3133
-875 461 -2141 1128
-2630 1687 -6423 4120
-2632 1031 -6423 2516
-878 691 -2141 1685
-880 261 -2141 635
-884 237 -2141 574
-1769 1215 -4282 2941
-7963 6217 -19269 15044
-6194 4745 -14987 11481
-885 656 -2141 1587
-3547 1344 -8564 3245
-1775 468 -4282 1129
-888 725 -2141 1748
-890 641 -2141 1542
-894 233 -2141 558
-16109 4718 -38538 11287
-6266 4413 -14987 10555
-896 629 -2141 1503
-897 380 -2141 907
-899 574 -2141 1367
-900 161 -2141 383
-1805 1018 -4282 2415
-8126 1511 -19269 3583
-6322 1851 -14987 4388
-1807 1009 -4282 2391
-1809 346 -4282 819
-905 216 -2141 511
-907 380 -2141 897
-909 197 -2141 464
-923 510 -2141 1183
-1851 667 -4282 1543
-927 323 -2141 746
-4641 1285 -10705 2964
-929 778 -2141 1793
-1859 1269 -4282 2923
-930 791 -2141 1821
-2795 1067 -6423 2452
-1865 348 -4282 799
-1867 1080 -4282 2477
-8405 5944 -19269 13627
-12143 2773 -27833 6356
-1869 1522 -4282 3487
-3741 854 -8564 1955
-938 223 -2141 509
-4696 2897 -10705 6604
-1879 1524 -4282 3473
-2821 1080 -6423 2459
-941 109 -2141 248
-944 597 -2141 1354
-1891 1093 -4282 2475
-2840 2087 -6423 4720
-949 289 -2141 652
-957 371 -2141 830
-961 667 -2141 1486
-1923 1504 -4282 3349
-962 133 -2141 296
-1929 505 -4282 1121
-2896 615 -6423 1364
-966 587 -2141 1301
-1935 418 -4282 925
-969 611 -2141 1350
-977 721 -2141 1580
-2933 1843 -6423 4036
-4892 3017 -10705 6602
-980 601 -2141 1313
-983 719 -2141 1566
-1969 1368 -4282 2975
-2956 2123 -6423 4613
-3943 1041 -8564 2261
-991 723 -2141 1562
-1987 729 -4282 1571
-995 626 -2141 1347
-1004 385 -2141 821
-1010 601 -2141 1274
-1013 599 -2141 1266
-1018 223 -2141 469
-1116 233 -2141 447
-1123 877 -2141 1672
-1128 461 -2141 875
-1137 701 -2141 1320
-1139 424 -2141 797
-1146 425 -2141 794
-1150 311 -2141 579
-1158 311 -2141 575
-1161 449 -2141 828
-1172 433 -2141 791
-1175 461 -2141 840
-1180 361 -2141 655
-4727 2884 -8564 5225
-10639 2812 -19269 5093
-1183 510 -2141 923
-1184 725 -2141 1311
-2387 752 -4282 1349
-2389 525 -4282 941
-2391 1009 -4282 1807
-1197 440 -2141 787
-2399 888 -4282 1585
-3602 2223 -6423 3964
-2403 454 -4282 809
-8415 5333 -14987 9498
-8416 4931 -14987 8781
-1203 917 -2141 1632
-2413 448 -4282 795
-2415 1018 -4282 1805
-1208 1085 -2141 1923
-4833 3548 -8564 6287
-2417 1966 -4282 3483
-1209 419 -2141 742
-1211 181 -2141 320
-1212 197 -2141 348
-1213 349 -2141 616
-1214 791 -2141 1395
-2429 1438 -4282 2535
-2431 1555 -4282 2739
-1219 472 -2141 829
-1228 729 -2141 1271
-3688 2647 -6423 4610
-3691 1120 -6423 1949
-1232 965 -2141 1677
-1234 717 -2141 1244
-1236 941 -2141 1630
-2473 2000 -4282 3463
-4947 1313 -8564 2273
-2475 1093 -4282 1891
-2477 1080 -4282 1867
-1241 1019 -2141 1758
-3724 723 -6423 1247
-11174 4315 -19269 7441
-1242 449 -2141 774
-1244 717 -2141 1234
-1245 371 -2141 638
-1251 350 -2141 599
-1253 230 -2141 393
-2507 1846 -4282 3153
-10031 3730 -17128 6369
-5017 3116 -8564 5319
-8781 4931 -14987 8416
-1256 325 -2141 554
-11306 2479 -19269 4225
-2513 787 -4282 1341
-1257 920 -2141 1567
-1261 887 -2141 1506
-1262 1061 -2141 1800
-1263 269 -2141 456
-1266 599 -2141 1013
-1267 216 -2141 365
-2535 1438 -4282 2429
-1270 261 -2141 440
-1271 729 -2141 1228
-2543 1553 -4282 2615
-3817 2925 -6423 4922
-1274 601 -2141 1010
-1276 1009 -2141 1693
-1295 1021 -2141 1688
-1297 1025 -2141 1692
-1298 833 -2141 1374
-1301 587 -2141 966
-1304 941 -2141 1545
-6524 2545 -10705 4176
-13051 3858 -21410 6329
-5223 1457 -8564 2389
-5225 2884 -8564 4727
-3920 2487 -6423 4075
-1307 105 -2141 172
-2615 1553 -4282 2543
-1310 361 -2141 590
-1311 725 -2141 1184
-1313 601 -2141 980
-2629 466 -4282 759
-1315 1116 -2141 1817
-1320 701 -2141 1137
-6602 3017 -10705 4892
-9244 6799 -14987 11023
-6604 2897 -10705 4696
-3964 2223 -6423 3602
-1322 205 -2141 332
-1323 503 -2141 814
-1327 507 -2141 818
-5319 3116 -8564 5017
-7981 5453 -12846 8777
-5321 4033 -8564 6491
-2661 2203 -4282 3545
-2663 1834 -4282 2949
-5327 1384 -8564 2225
-6662 2531 -10705 4067
-2667 829 -4282 1331
-1342 173 -2141 276
-6716 1985 -10705 3164
-2687 1031 -4282 1643
-8069 2130 -12846 3391
-4036 1843 -6423 2933
-2693 422 -4282 671
-1347 626 -2141 995
-1349 155 -2141 246
-2699 1913 -4282 3035
-1350 611 -2141 969
-1354 597 -2141 944
-1355 281 -2141 444
-6783 1285 -10705 2028
-9498 5333 -14987 8415
-13571 10737 -21410 16939
-25786 8013 -40679 12641
-2715 1918 -4282 3025
-4075 2487 -6423 3920
-1359 179 -2141 282
-1367 574 -2141 899
-6842 4373 -10705 6842
-2737 535 -4282 837
-4106 3445 -6423 5389
-1369 133 -2141 208
-2739 1555 -4282 2431
-1372 405 -2141 632
-1373 935 -2141 1458
-4120 1687 -6423 2630
-1374 833 -2141 1298
-1378 419 -2141 651
-1380 1001 -2141 1553
-1382 1067 -2141 1653
-6916 1285 -10705 1989
-1384 181 -2141 280
-1388 1141 -2141 1760
-1390 211 -2141 325
-1395 791 -2141 1214
-1402 535 -2141 817
-1458 935 -2141 1373
-2923 1269 -4282 1859
-8777 5453 -12846 7981
-4390 3157 -6423 4619
-4399 1341 -6423 1958
-4402 1235 -6423 1802
-4406 1291 -6423 1882
-2941 1215 -4282 1769
-2949 1834 -4282 2663
-2951 1113 -4282 1615
-19184 5625 -27833 8161
-25091 7419 -36397 10762
-1478 457 -2141 662
-1479 458 -2141 663
-1486 667 -2141 961
-2975 1368 -4282 1969
-11905 4292 -17128 6175
-4465 1407 -6423 2024
-2981 818 -4282 1175
-7457 1614 -10705 2317
-1492 1069 -2141 1534
-1493 1205 -2141 1728
-4480 807 -6423 1157
-7471 2756 -10705 3949
-13450 4179 -19269 5987
-1496 1053 -2141 1507
-1503 629 -2141 896
-1506 887 -2141 1261
-1507 1053 -2141 1496
-10555 4413 -14987 6266
-16589 4625 -23551 6566
-1509 542 -2141 769
-3025 1918 -4282 2715
-4541 1426 -6423 2017
-37849 11191 -53525 15826
-13627 5944 -19269 8405
-1515 1106 -2141 1563
-3035 1913 -4282 2699
-3037 1066 -4282 1503
-1520 421 -2141 593
-1534 1069 -2141 1492
-4609 3519 -6423 4904
-4610 2647 -6423 3688
-4613 2123 -6423 2956
-1538 1311 -2141 1825
-3079 366 -4282 509
-4619 3157 -6423 4390
-1541 357 -2141 496
-1542 641 -2141 890
-1543 1334 -2141 1851
-1545 941 -2141 1304
-1548 449 -2141 621
-1549 1201 -2141 1660
-3099 2431 -4282 3359
-1551 602 -2141 831
-1553 1001 -2141 1380
-1560 341 -2141 468
-1562 723 -2141 991
-1563 1106 -2141 1515
-1566 719 -2141 983
-1567 920 -2141 1257
-6287 3548 -8564 4833
-3145 603 -4282 821
-4720 2087 -6423 2840
-1574 1227 -2141 1669
-11023 6799 -14987 9244
-4726 997 -6423 1355
-3153 1846 -4282 2507
-1580 721 -2141 977
-4742 1859 -6423 2518
-1582 433 -2141 586
-3167 943 -4282 1275
-1585 191 -2141 258
-1587 656 -2141 885
-4862 1847 -6423 2440
-6491 4033 -8564 5321
-1626 281 -2141 370
-1630 941 -2141 1236
-1632 917 -2141 1203
-4904 3519 -6423 4609
-1636 1325 -2141 1734
-1639 382 -2141 499
-11481 4745 -14987 6194
-4922 2925 -6423 3817
-1642 385 -2141 502
-1645 461 -2141 600
-1650 1361 -2141 1766
-1651 1277 -2141 1656
-1653 1067 -2141 1382
-1656 1277 -2141 1651
-1660 1201 -2141 1549
-1669 1227 -2141 1574
-15044 6217 -19269 7963
-1672 877 -2141 1123
-1673 454 -2141 581
-3349 1504 -4282 1923
-1677 965 -2141 1232
-5036 1859 -6423 2371
-3359 2431 -4282 3099
-1685 691 -2141 878
-1688 1021 -2141 1295
-6753 1898 -8564 2407
-5068 1339 -6423 1697
-1692 1025 -2141 1297
-1693 1009 -2141 1276
-16939 10737 -21410 13571
-11859 2597 -14987 3282
-1697 623 -2141 786
-1728 1205 -2141 1493
-3463 2000 -4282 2473
-1734 1325 -2141 1636
-8677 3179 -10705 3922
-3473 1524 -4282 1879
-3483 1966 -4282 2417
-3487 1522 -4282 1869
-1746 305 -2141 374
-1748 725 -2141 888
-1758 1019 -2141 1241
-1760 1141 -2141 1388
-3523 1360 -4282 1653
-1766 1361 -2141 1650
-1767 326 -2141 395
-1770 1541 -2141 1864
-1771 426 -2141 515
-3545 2203 -4282 2661
-1776 725 -2141 874
-1793 778 -2141 929
-5389 3445 -6423 4106
-1800 1061 -2141 1262
-3611 1340 -4282 1589
-1809 692 -2141 819
-1816 637 -2141 751
-1817 1116 -2141 1315
-1821 791 -2141 930
-1825 1311 -2141 1538
-1843 402 -2141 467
-1847 534 -2141 619
-1851 1334 -2141 1543
-1859 679 -2141 782
-1864 1541 -2141 1770
-1867 293 -2141 336
-1883 489 -2141 556
-3773 1060 -4282 1203
-1895 701 -2141 792
-1908 737 -2141 827
-1923 1085 -2141 1208
-1933 697 -2141 772
-1954 721 -2141 790
-1966 719 -2141 783
