-1 -1 0 -1
1 -1 0 1
-155 46 -1951 579
-168 31 -1951 360
-182 157 -1951 1683
-367 280 -3902 2977
-190 41 -1951 421
-204 55 -1951 526
-208 79 -1951 741
-222 85 -1951 747
-226 49 -1951 423
-232 127 -1951 1068
-235 96 -1951 797
-995 759 -7804 5953
-748 177 -5853 1385
-752 549 -5853 4273
-507 293 -3902 2255
-256 95 -1951 724
-263 55 -1951 408
-265 196 -1951 1443
-535 443 -3902 3231
-2145 1682 -15608 12239
-806 191 -5853 1387
-541 207 -3902 1493
-286 157 -1951 1071
-577 219 -3902 1481
-1739 674 -11706 4537
-1451 841 -9755 5654
-291 247 -1951 1656
-1175 494 -7804 3281
-2059 1261 -13657 8364
-295 251 -1951 1660
-593 412 -3902 2711
-298 181 -1951 1185
-302 239 -1951 1544
-304 79 -1951 507
-611 189 -3902 1207
-307 169 -1951 1074
-310 201 -1951 1265
-3418 1015 -21461 6373
-1865 806 -11706 5059
-1867 1441 -11706 9035
-314 75 -1951 466
-631 136 -3902 841
-319 69 -1951 422
-334 63 -1951 368
-335 176 -1951 1025
-671 579 -3902 3367
-338 79 -1951 456
-341 201 -1951 1150
-342 193 -1951 1101
-346 155 -1951 874
-347 98 -1951 551
-349 205 -1951 1146
-352 223 -1951 1236
-357 157 -1951 858
-1076 389 -5853 2116
-2159 1576 -11706 8545
-360 31 -1951 168
-361 136 -1951 735
-362 95 -1951 512
-727 226 -3902 1213
-3275 1939 -17559 10396
-7645 5376 -40971 28811
-365 281 -1951 1502
-368 63 -1951 334
-1842 1139 -9755 6032
-3326 2567 -17559 13552
-2588 989 -13657 5219
-371 143 -1951 752
-374 157 -1951 819
-376 143 -1951 742
-403 170 -1951 823
-1213 555 -5853 2678
-2832 1081 -13657 5213
-405 301 -1951 1450
-406 185 -1951 889
-408 55 -1951 263
-409 248 -1951 1183
-412 223 -1951 1056
-413 192 -1951 907
-1243 958 -5853 4511
-415 251 -1951 1180
-416 287 -1951 1346
-2097 1646 -9755 7657
-2098 1647 -9755 7658
-4619 1371 -21461 6370
-3781 868 -17559 4031
-841 136 -3902 631
-421 41 -1951 190
-843 641 -3902 2967
-422 69 -1951 319
-845 293 -3902 1353
-423 49 -1951 226
-426 307 -1951 1406
-855 353 -3902 1611
-429 157 -1951 714
-437 155 -1951 692
-1316 925 -5853 4114
-440 311 -1951 1379
-441 283 -1951 1252
-442 157 -1951 693
-444 307 -1951 1349
-1779 799 -7804 3505
-5787 1612 -25363 7065
-5788 3555 -25363 15578
-2227 844 -9755 3697
-1339 555 -5853 2426
-447 181 -1951 790
-895 353 -3902 1539
-4031 868 -17559 3781
-4481 1828 -19510 7959
-2242 829 -9755 3607
-452 275 -1951 1187
-1360 517 -5853 2225
-1817 539 -7804 2315
-1364 749 -5853 3214
-456 79 -1951 338
-458 331 -1951 1410
-921 545 -3902 2309
-3230 1363 -13657 5763
-1385 177 -5853 748
-1387 191 -5853 806
-3239 2204 -13657 9293
-10644 2873 -44873 12112
-464 127 -1951 534
-466 75 -1951 314
-935 733 -3902 3059
-470 331 -1951 1374
-501 397 -1951 1546
-502 273 -1951 1061
-4033 1116 -15608 4319
-5043 3847 -19510 14883
-505 161 -1951 622
-507 79 -1951 304
-510 361 -1951 1381
-512 95 -1951 362
-515 326 -1951 1235
-517 190 -1951 717
-523 204 -1951 761
-524 159 -1951 592
-526 55 -1951 204
-1579 856 -5853 3173
-6845 3957 -25363 14662
-12112 2873 -44873 10644
-1580 1377 -5853 5101
-3161 2578 -11706 9547
-527 480 -1951 1777
-528 223 -1951 824
-534 127 -1951 464
-535 351 -1951 1280
-3747 1447 -13657 5274
-2143 1158 -7804 4217
-5895 3611 -21461 13146
-4289 1776 -15608 6463
-3754 1569 -13657 5708
-537 169 -1951 614
-1612 997 -5853 3620
-539 234 -1951 847
-4319 1116 -15608 4033
-7019 2864 -25363 10349
-3781 1116 -13657 4031
-541 414 -1951 1493
-543 457 -1951 1642
-7065 1612 -25363 5787
-4892 2043 -17559 7333
-1631 491 -5853 1762
-544 191 -1951 685
-545 426 -1951 1525
-1095 323 -3902 1151
-548 191 -1951 680
-550 201 -1951 713
-551 98 -1951 347
-564 331 -1951 1145
-566 349 -1951 1203
-567 220 -1951 757
-570 421 -1951 1441
-1141 929 -3902 3177
-2285 679 -7804 2319
-1715 1107 -5853 3778
-572 443 -1951 1511
-1151 323 -3902 1095
-4031 1116 -13657 3781
-3457 2025 -11706 6857
-577 438 -1951 1481
-2309 1427 -7804 4823
-2315 539 -7804 1817
-579 46 -1951 155
-6370 1371 -21461 4619
-6373 1015 -21461 3418
-2897 2023 -9755 6812
-2319 679 -7804 2285
-1741 1075 -5853 3614
-581 500 -1951 1679
-582 247 -1951 828
-1762 491 -5853 1631
-2943 2069 -9755 6858
-2357 1447 -7804 4791
-590 251 -1951 830
-592 159 -1951 524
-595 276 -1951 905
-1191 1010 -3902 3309
-1787 701 -5853 2296
-597 250 -1951 817
-602 465 -1951 1507
-1207 189 -3902 611
-605 476 -1951 1535
-1213 226 -3902 727
-608 383 -1951 1229
-614 169 -1951 537
-618 223 -1951 704
-622 161 -1951 505
-626 283 -1951 882
-671 487 -1951 1416
-1349 828 -3902 2395
-1353 293 -3902 845
-680 191 -1951 548
-685 191 -1951 544
-1381 871 -3902 2461
-692 155 -1951 437
-693 157 -1951 442
-699 541 -1951 1510
-700 451 -1951 1257
-701 392 -1951 1091
-703 307 -1951 852
-704 223 -1951 618
-705 331 -1951 916
-2116 389 -5853 1076
-707 262 -1951 723
-713 201 -1951 550
-714 157 -1951 429
-716 527 -1951 1436
-717 190 -1951 517
-1439 586 -3902 1589
-5039 3655 -13657 9906
-2881 1116 -7804 3023
-1441 931 -3902 2521
-2164 1761 -5853 4763
-3607 829 -9755 2242
-722 497 -1951 1343
-723 262 -1951 707
-724 95 -1951 256
-725 301 -1951 810
-727 452 -1951 1213
-735 136 -1951 361
-1473 812 -3902 2151
-1475 863 -3902 2283
-2216 1285 -5853 3394
-6653 2542 -17559 6709
-3697 844 -9755 2227
-1481 219 -3902 577
-3704 1635 -9755 4306
-741 79 -1951 208
-2225 517 -5853 1360
-742 143 -1951 376
-744 511 -1951 1340
-3723 3020 -9755 7913
-5213 1081 -13657 2832
-2981 2099 -7804 5495
-6709 2542 -17559 6653
-5219 989 -13657 2588
-2239 1573 -5853 4112
-1493 207 -3902 541
-747 85 -1951 222
-1495 618 -3902 1613
-748 531 -1951 1385
-752 143 -1951 371
-3013 2103 -7804 5447
-5274 1447 -13657 3747
-754 417 -1951 1079
-1509 1241 -3902 3209
-3023 1116 -7804 2881
-4537 674 -11706 1739
9831 -3811 25363 -9832
-757 220 -1951 567
-761 204 -1951 523
-762 439 -1951 1124
-764 587 -1951 1499
-3059 1896 -7804 4837
-2296 701 -5853 1787
-768 607 -1951 1542
-1539 353 -3902 895
-771 607 -1951 1536
-790 181 -1951 447
-793 365 -1951 898
-1589 586 -3902 1439
-1591 727 -3902 1783
-7959 1828 -19510 4481
-10349 2864 -25363 7019
-1593 1217 -3902 2981
-797 96 -1951 235
-800 351 -1951 856
-801 661 -1951 1610
-802 349 -1951 849
-805 661 -1951 1602
-1611 353 -3902 855
-1613 618 -3902 1495
-6463 1776 -15608 4289
-4849 3417 -11706 8249
-2426 555 -5853 1339
-810 301 -1951 725
-7333 2043 -17559 4892
-4891 2687 -11706 6431
-5708 1569 -13657 3754
-4078 1849 -9755 4423
-8973 3773 -21461 9024
-816 463 -1951 1107
-817 250 -1951 597
-819 157 -1951 374
-2459 1528 -5853 3637
-3281 494 -7804 1175
-9024 3773 -21461 8973
-821 457 -1951 1086
-823 170 -1951 403
-5763 1363 -13657 3230
-1647 1433 -3902 3395
-824 223 -1951 528
-827 504 -1951 1189
-828 247 -1951 582
-830 251 -1951 590
-1681 744 -3902 1727
-4206 1901 -9755 4409
-3367 1973 -7804 4573
-4214 1899 -9755 4396
-5059 806 -11706 1865
-844 491 -1951 1135
-847 234 -1951 539
-849 349 -1951 802
-852 307 -1951 703
-856 351 -1951 800
-3427 2839 -7804 6465
-6855 3767 -15608 8577
-857 405 -1951 922
-858 157 -1951 357
-860 551 -1951 1250
-4306 1635 -9755 3704
-2585 1442 -5853 3265
-2588 1445 -5853 3268
-1727 744 -3902 1681
-865 501 -1951 1130
-872 535 -1951 1197
-874 155 -1951 346
-2626 2141 -5853 4772
-1751 1090 -3902 2429
-3505 799 -7804 1779
-877 739 -1951 1644
-879 460 -1951 1021
-4396 1899 -9755 4214
-2639 2024 -5853 4489
-880 751 -1951 1665
-4402 2731 -9755 6052
-2645 1447 -5853 3202
-4409 1901 -9755 4206
-882 283 -1951 626
-883 778 -1951 1719
-2651 1453 -5853 3208
-4423 1849 -9755 4078
-889 185 -1951 406
-1783 727 -3902 1591
-2678 555 -5853 1213
-2680 1957 -5853 4274
-895 706 -1951 1539
-898 365 -1951 793
-905 276 -1951 595
-907 192 -1951 413
-916 331 -1951 705
-922 405 -1951 857
-1021 460 -1951 879
-1025 176 -1951 335
-1029 577 -1951 1094
-1035 661 -1951 1246
-2075 1163 -3902 2187
-1044 823 -1951 1538
-1046 727 -1951 1356
-1053 625 -1951 1158
-4217 1158 -7804 2143
-1056 223 -1951 412
-3173 856 -5853 1579
-3175 2517 -5853 4640
-5294 3273 -9755 6031
-2119 1255 -3902 2311
-1061 273 -1951 502
-3202 1447 -5853 2645
-1068 127 -1951 232
-1069 726 -1951 1325
-3208 1453 -5853 2651
-1071 157 -1951 286
-3214 749 -5853 1364
-6431 2687 -11706 4891
-8577 3767 -15608 6855
-1074 169 -1951 307
-2151 812 -3902 1473
-1079 417 -1951 754
-1086 457 -1951 821
-3265 1442 -5853 2585
-3268 1445 -5853 2588
-5449 3380 -9755 6051
-1091 392 -1951 701
-1093 893 -1951 1594
-2187 1163 -3902 2075
-1094 577 -1951 1029
-1095 646 -1951 1151
-1099 703 -1951 1248
-1100 751 -1951 1332
-1101 193 -1951 342
-1104 799 -1951 1412
-1107 463 -1951 816
-1121 782 -1951 1361
-1123 788 -1951 1369
-1124 439 -1951 762
-1127 822 -1951 1423
-2255 293 -3902 507
-7894 6027 -13657 10427
-14662 3957 -25363 6845
-1128 895 -1951 1548
-1130 501 -1951 865
-5654 841 -9755 1451
-3394 1285 -5853 2216
-1132 915 -1951 1577
-2265 1403 -3902 2417
-1134 787 -1951 1354
-1135 491 -1951 844
-1141 717 -1951 1226
-2283 863 -3902 1475
-3427 2643 -5853 4514
-2285 1358 -3902 2319
-6857 2025 -11706 3457
-9145 6632 -15608 11319
-4573 1973 -7804 3367
-1145 331 -1951 564
-1146 205 -1951 349
-1150 201 -1951 341
-1151 646 -1951 1095
-1154 1015 -1951 1716
-2309 545 -3902 921
-15014 10859 -25363 18344
-10396 1939 -17559 3275
-2311 1255 -3902 2119
-1158 625 -1951 1053
-2319 1358 -3902 2285
-1180 251 -1951 415
-1183 248 -1951 409
-1185 181 -1951 298
-1187 275 -1951 452
-1189 504 -1951 827
-1190 871 -1951 1428
-1194 847 -1951 1384
15531 -9511 25363 -15532
-8364 1261 -13657 2059
-13146 3611 -21461 5895
-4781 3016 -7804 4923
-1197 535 -1951 872
-2395 828 -3902 1349
-4791 1447 -7804 2357
-10784 6663 -17559 10849
-15578 3555 -25363 5788
-1199 971 -1951 1580
-1203 349 -1951 566
-1204 1067 -1951 1729
-4817 3772 -7804 6111
-3614 1075 -5853 1741
-10849 6663 -17559 10784
-10850 6739 -17559 10906
-4823 1427 -7804 2309
-6031 3273 -9755 5294
-6032 1139 -9755 1842
-3620 997 -5853 1612
-2417 1403 -3902 2265
-4837 1896 -7804 3059
-4839 3535 -7804 5701
-1210 1081 -1951 1743
-6051 3380 -9755 5449
-6052 2731 -9755 4402
-6058 4675 -9755 7528
-10906 6739 -17559 10850
-3637 1528 -5853 2459
-1213 452 -1951 727
-2429 1090 -3902 1751
-1226 717 -1951 1141
-1227 1066 -1951 1695
-1228 783 -1951 1244
-1229 383 -1951 608
-2461 871 -3902 1381
-4923 3016 -7804 4781
-1234 907 -1951 1434
-1235 326 -1951 515
-1236 223 -1951 352
-1237 965 -1951 1522
-1238 889 -1951 1401
-1239 1018 -1951 1603
-1244 783 -1951 1228
-1246 661 -1951 1035
-1248 703 -1951 1099
-1250 551 -1951 860
-1252 283 -1951 441
-1257 451 -1951 700
-3778 1107 -5853 1715
-2521 931 -3902 1441
-1265 201 -1951 310
-1266 913 -1951 1407
-1271 914 -1951 1403
-2549 1997 -3902 3057
-1280 351 -1951 535
-1325 726 -1951 1069
-9293 2204 -13657 3239
-9295 6723 -13657 9878
-1329 985 -1951 1446
-1332 751 -1951 1100
-1337 969 -1951 1414
-1340 511 -1951 744
-1343 497 -1951 722
-1346 287 -1951 416
-1349 307 -1951 444
-1354 787 -1951 1134
-2711 412 -3902 593
-1356 727 -1951 1046
-1359 994 -1951 1427
-1361 782 -1951 1121
-5447 2103 -7804 3013
-6812 2023 -9755 2897
-1369 788 -1951 1123
-4112 1573 -5853 2239
-4114 925 -5853 1316
-6858 2069 -9755 2943
-15091 11843 -21461 16842
-28811 5376 -40971 7645
-1372 1263 -1951 1796
-5489 4211 -7804 5987
-5495 2099 -7804 2981
-1374 331 -1951 470
-8249 3417 -11706 4849
-9626 6961 -13657 9876
-2751 1979 -3902 2807
-1379 311 -1951 440
-1381 361 -1951 510
-1384 847 -1951 1194
-1385 531 -1951 748
-1401 889 -1951 1238
-1403 914 -1951 1271
-2807 1979 -3902 2751
-1406 307 -1951 426
-1407 913 -1951 1266
-1410 331 -1951 458
-9876 6961 -13657 9626
-18344 10859 -25363 15014
-9878 6723 -13657 9295
-1412 799 -1951 1104
-1414 969 -1951 1337
-11319 6632 -15608 9145
-9906 3655 -13657 5039
-1416 487 -1951 671
-1417 1080 -1951 1487
-1423 822 -1951 1127
-8545 1576 -11706 2159
-4273 549 -5853 752
-4274 1957 -5853 2680
-5701 3535 -7804 4839
-1427 994 -1951 1359
-1428 871 -1951 1190
-1434 907 -1951 1234
-1436 527 -1951 716
-1441 421 -1951 570
-1443 196 -1951 265
-1444 1219 -1951 1647
-1446 985 -1951 1329
-1450 301 -1951 405
-1481 438 -1951 577
-2967 641 -3902 843
-1485 1246 -1951 1637
-1487 1080 -1951 1417
-5953 759 -7804 995
-14883 3847 -19510 5043
-2977 280 -3902 367
-10427 6027 -13657 7894
-2981 1217 -3902 1593
-1493 414 -1951 541
-1495 1236 -1951 1613
-4489 2024 -5853 2639
-5987 4211 -7804 5489
-1499 587 -1951 764
-1502 281 -1951 365
-4511 958 -5853 1243
-4514 2643 -5853 3427
-7528 4675 -9755 6058
-13552 2567 -17559 3326
-9035 1441 -11706 1867
-1507 465 -1951 602
-1510 541 -1951 699
-1511 443 -1951 572
-1522 965 -1951 1237
-1525 426 -1951 545
-6111 3772 -7804 4817
-3057 1997 -3902 2549
-10701 8395 -13657 10714
-1529 1279 -1951 1632
-3059 733 -3902 935
-12239 1682 -15608 2145
-1530 1381 -1951 1761
-10714 8395 -13657 10701
-16842 11843 -21461 15091
-7657 1646 -9755 2097
-7658 1647 -9755 2098
-1535 476 -1951 605
-1536 607 -1951 771
-1538 823 -1951 1044
-1539 706 -1951 895
-1542 607 -1951 768
-1543 1335 -1951 1688
-1544 239 -1951 302
-1546 397 -1951 501
-4640 2517 -5853 3175
-1548 895 -1951 1128
-1577 915 -1951 1132
-1580 971 -1951 1199
-7913 3020 -9755 3723
-1583 1312 -1951 1617
-4763 1761 -5853 2164
-3177 929 -3902 1141
-4772 2141 -5853 2626
-9547 2578 -11706 3161
-1594 893 -1951 1093
-1602 661 -1951 805
-1603 1018 -1951 1239
-3209 1241 -3902 1509
-1610 661 -1951 801
-1613 1236 -1951 1495
-3231 443 -3902 535
-6465 2839 -7804 3427
-1617 1312 -1951 1583
-1632 1279 -1951 1529
-1637 1246 -1951 1485
-1642 457 -1951 543
-1644 739 -1951 877
-1647 1219 -1951 1444
-3309 1010 -3902 1191
-1656 247 -1951 291
-1660 251 -1951 295
-1665 751 -1951 880
-1679 500 -1951 581
-1683 157 -1951 182
-3367 579 -3902 671
-1688 1335 -1951 1543
-1695 1066 -1951 1227
-3395 1433 -3902 1647
-5101 1377 -5853 1580
-1716 1015 -1951 1154
-1719 778 -1951 883
-1729 1067 -1951 1204
-1743 1081 -1951 1210
-1761 1381 -1951 1530
-1777 480 -1951 527
-1796 1263 -1951 1372
